{
  "cells": [
    {
      "cell_type": "code",
      "execution_count": 1,
      "id": "d13b706b",
      "metadata": {},
      "outputs": [],
      "source": [
        "import sys\n",
        "from pathlib import Path\n",
        "\n",
        "import numpy as np\n",
        "import numpy.typing as npt\n",
        "\n",
        "# Make notebook robust to different launch directories.\n",
        "_candidates = [Path.cwd(), *Path.cwd().parents]\n",
        "for _base in _candidates:\n",
        "    if (_base / \"src\").exists() and (_base / \"data\").exists():\n",
        "        if str(_base / \"src\") not in sys.path:\n",
        "            sys.path.insert(0, str(_base / \"src\"))\n",
        "        project_root = _base\n",
        "        break\n",
        "else:\n",
        "    raise RuntimeError(\"Could not locate project root containing src/ and data/\")\n",
        "\n",
        "from model import square_lattice\n",
        "from smatrix import L, coord_convert, create_self_energy_interpolator_numba\n",
        "\n",
        "sigma_data = np.load(project_root / \"data\" / \"sigma_grid0f6a.npz\")\n",
        "kx = sigma_data[\"kx\"]\n",
        "ky = sigma_data[\"ky\"]\n",
        "sigma_grid = sigma_data[\"sigma_grid\"]\n",
        "sigma_func_period_numba = create_self_energy_interpolator_numba(\n",
        "    kx, ky, sigma_grid, lattice=square_lattice\n",
        ")\n",
        "\n",
        "\n",
        "def singlePhoton_G_filter(E: float, lattice) -> list[npt.NDArray[np.int_]]:\n",
        "    \"\"\"\n",
        "    Return a sorted list of all the reciprocal lattice vector\n",
        "    G = (m*q, n*q) labels an open single-photon Bragg channel, i.e. there exists\n",
        "    some q_parallel in the first square Brillouin zone [-q/2, q/2]^2 satisfying\n",
        "        |q_parallel + G| <= E.\n",
        "    Assumes a square reciprocal lattice with spacing q = lattice.q.\n",
        "    \"\"\"\n",
        "    int_list = []\n",
        "    q = float(lattice.q)\n",
        "    max_norm = E + np.sqrt(2) / 2 * q\n",
        "    R = int(np.floor(max_norm / q))\n",
        "\n",
        "    for m in range(-R, R + 1):\n",
        "        for n in range(-R, R + 1):\n",
        "            d_min_x = q * np.maximum(abs(m) - 1 / 2, 0.0)\n",
        "            d_min_y = q * np.maximum(abs(n) - 1 / 2, 0.0)\n",
        "            d_min = np.sqrt(d_min_x**2 + d_min_y**2)\n",
        "            if d_min <= E:\n",
        "                int_list.append(np.array([m, n]))\n",
        "    int_list.sort(key=lambda x: (x[0], x[1]))\n",
        "    result_list = [q * x for x in int_list]\n",
        "    return result_list\n",
        "\n",
        "\n",
        "def kr_delta(a: int, b: int):\n",
        "    return 1 if a == b else 0"
      ]
    },
    {
      "cell_type": "code",
      "execution_count": 20,
      "id": "65df265b",
      "metadata": {},
      "outputs": [
        {
          "name": "stdout",
          "output_type": "stream",
          "text": [
            "[[-116.66666667 -106.66666667]\n",
            " [-116.66666667   60.        ]\n",
            " [-116.66666667  226.66666667]\n",
            " [  50.         -106.66666667]\n",
            " [  50.           60.        ]\n",
            " [  50.          226.66666667]\n",
            " [ 216.66666667 -106.66666667]\n",
            " [ 216.66666667   60.        ]\n",
            " [ 216.66666667  226.66666667]]\n",
            "[ True  True False  True  True False False False False]\n",
            "[[-116.66666667 -106.66666667]\n",
            " [-116.66666667   60.        ]\n",
            " [  50.         -106.66666667]\n",
            " [  50.           60.        ]]\n"
          ]
        }
      ],
      "source": [
        "E = 200\n",
        "filtered_G = singlePhoton_G_filter(E, square_lattice)\n",
        "# Off-shell channels are expected; silence invalid-sqrt warning only here.\n",
        "kG = np.array([50, 60]) + filtered_G\n",
        "kG_norm = np.linalg.norm(kG, axis=1)\n",
        "mask = kG_norm < E \n",
        "#    t = coord_convert(np.array([50, 60]) + filtered_G, E)\n",
        "print(kG)\n",
        "print(mask)\n",
        "print(kG[mask])\n"
      ]
    },
    {
      "cell_type": "code",
      "execution_count": 21,
      "id": "e847ffde",
      "metadata": {},
      "outputs": [],
      "source": [
        "def S_disc_Bragg(E, k_para,sigma_func_period,lattice):\n",
        "    \"Return a n by n matrix with fixed E and k_para, where n is the number of the relevant Bragg channels.\"\n",
        "    filtered_G = singlePhoton_G_filter(E, lattice)\n",
        "\n",
        "    kG = k_para + filtered_G  # in-plane momentum in all the relevant channels\n",
        "    # Off-shell channels are expected; silence invalid sqrt warning locally.\n",
        "    kG = np.array([50, 60]) + filtered_G\n",
        "    kG_norm = np.linalg.norm(kG, axis=1)\n",
        "    mask = kG_norm < E\n",
        "    kG = kG[mask]\n",
        "    n = len(kG)\n",
        "    S_matrix = np.zeros((n, n), dtype=np.complex128)\n",
        "    # Construct the matrix element by element\n",
        "    for i in range(n):  # index for outgoing photon\n",
        "        for j in range(n):  # index for incoming photon\n",
        "            k_cart_out = coord_convert(kG[i], E)\n",
        "            k_cart_in = coord_convert(kG[j], E)\n",
        "\n",
        "            J_out = E / k_cart_out[2]\n",
        "            J_in = E / k_cart_in[2]\n",
        "            first_term = kr_delta(i, j)\n",
        "            second_term = (\n",
        "                -1j\n",
        "                / lattice.a**2\n",
        "                * np.sqrt(J_out)\n",
        "                * np.conj(lattice.ge(k_cart_out))\n",
        "                * L(kG[j], E, lattice, sigma_func_period, direction=\"in\")\n",
        "                * np.sqrt(J_in)\n",
        "            )\n",
        "            S_matrix[i, j] = first_term + second_term\n",
        "    S_matrix = np.matrix(S_matrix)\n",
        "    return S_matrix\n"
      ]
    },
    {
      "cell_type": "code",
      "execution_count": 28,
      "id": "ed381844",
      "metadata": {},
      "outputs": [
        {
          "name": "stdout",
          "output_type": "stream",
          "text": [
            "[1.        -1.11022302e-16j 0.99972067-1.89222254e-01j\n",
            " 1.        -2.77555756e-17j 1.        -1.40512602e-16j\n",
            " 1.        -2.08166817e-17j 1.        +1.38777878e-16j\n",
            " 1.        +1.15359111e-16j 1.        -2.77555756e-16j\n",
            " 1.        -1.66533454e-16j 1.        +7.28583860e-17j\n",
            " 1.        +4.92924259e-17j 1.        -2.77555756e-17j\n",
            " 1.        -2.22044605e-16j 1.        +1.38777878e-16j]\n",
            "[[1.00215708+0.00000000e+00j 0.00209023+0.00000000e+00j\n",
            "  0.00212517-1.73472348e-18j 0.00193769+1.73472348e-18j\n",
            "  0.00193418+0.00000000e+00j 0.00200004+0.00000000e+00j\n",
            "  0.00204979+0.00000000e+00j 0.00193316+0.00000000e+00j\n",
            "  0.00193173+0.00000000e+00j 0.00197181+0.00000000e+00j\n",
            "  0.00475602+0.00000000e+00j 0.00198165+0.00000000e+00j\n",
            "  0.00196549+1.73472348e-18j 0.0022421 +3.46944695e-18j]\n",
            " [0.00209023+0.00000000e+00j 1.00202546+0.00000000e+00j\n",
            "  0.00205932+0.00000000e+00j 0.00187765+0.00000000e+00j\n",
            "  0.00187424-1.73472348e-18j 0.00193806-1.73472348e-18j\n",
            "  0.00198627+0.00000000e+00j 0.00187325-1.73472348e-18j\n",
            "  0.00187187+0.00000000e+00j 0.00191071-1.73472348e-18j\n",
            "  0.00460863+0.00000000e+00j 0.00192024+3.46944695e-18j\n",
            "  0.00190458+1.73472348e-18j 0.00217262+5.20417043e-18j]\n",
            " [0.00212517+1.73472348e-18j 0.00205932+0.00000000e+00j\n",
            "  1.00209374+0.00000000e+00j 0.00190903-1.73472348e-18j\n",
            "  0.00190557+0.00000000e+00j 0.00197045+0.00000000e+00j\n",
            "  0.00201947+0.00000000e+00j 0.00190456-1.73472348e-18j\n",
            "  0.00190316+1.73472348e-18j 0.00194265-1.73472348e-18j\n",
            "  0.00468567-6.93889390e-18j 0.00195234-1.73472348e-18j\n",
            "  0.00193642+3.46944695e-18j 0.00220893+0.00000000e+00j]\n",
            " [0.00193769-1.73472348e-18j 0.00187765+0.00000000e+00j\n",
            "  0.00190903+1.73472348e-18j 1.00174062+0.00000000e+00j\n",
            "  0.00173747-3.46944695e-18j 0.00179662-1.73472348e-18j\n",
            "  0.00184132+0.00000000e+00j 0.00173655-1.73472348e-18j\n",
            "  0.00173526-1.73472348e-18j 0.00177127-1.73472348e-18j\n",
            "  0.00427231-3.46944695e-18j 0.00178011+1.73472348e-18j\n",
            "  0.00176559+3.46944695e-18j 0.00201407+3.46944695e-18j]\n",
            " [0.00193418+0.00000000e+00j 0.00187424+1.73472348e-18j\n",
            "  0.00190557+0.00000000e+00j 0.00173747+3.46944695e-18j\n",
            "  1.00173432+0.00000000e+00j 0.00179337+1.73472348e-18j\n",
            "  0.00183798+0.00000000e+00j 0.0017334 +1.73472348e-18j\n",
            "  0.00173212+0.00000000e+00j 0.00176806+0.00000000e+00j\n",
            "  0.00426456-3.46944695e-18j 0.00177688+1.73472348e-18j\n",
            "  0.00176239-3.46944695e-18j 0.00201041+0.00000000e+00j]\n",
            " [0.00200004+0.00000000e+00j 0.00193806+1.73472348e-18j\n",
            "  0.00197045+0.00000000e+00j 0.00179662+1.73472348e-18j\n",
            "  0.00179337-1.73472348e-18j 1.00185443+0.00000000e+00j\n",
            "  0.00190056+0.00000000e+00j 0.00179242-1.73472348e-18j\n",
            "  0.00179109+0.00000000e+00j 0.00182826-1.73472348e-18j\n",
            "  0.00440977-6.93889390e-18j 0.00183738-1.73472348e-18j\n",
            "  0.0018224 -1.73472348e-18j 0.00207887+0.00000000e+00j]\n",
            " [0.00204979+0.00000000e+00j 0.00198627+0.00000000e+00j\n",
            "  0.00201947+0.00000000e+00j 0.00184132+0.00000000e+00j\n",
            "  0.00183798+0.00000000e+00j 0.00190056+0.00000000e+00j\n",
            "  1.00194784+0.00000000e+00j 0.00183701+1.73472348e-18j\n",
            "  0.00183565+1.73472348e-18j 0.00187374+1.73472348e-18j\n",
            "  0.00451947-3.46944695e-18j 0.00188309+0.00000000e+00j\n",
            "  0.00186773+0.00000000e+00j 0.00213058-1.73472348e-18j]\n",
            " [0.00193316+0.00000000e+00j 0.00187325+1.73472348e-18j\n",
            "  0.00190456+1.73472348e-18j 0.00173655+1.73472348e-18j\n",
            "  0.0017334 -1.73472348e-18j 0.00179242+1.73472348e-18j\n",
            "  0.00183701-1.73472348e-18j 1.00173248+0.00000000e+00j\n",
            "  0.0017312 +0.00000000e+00j 0.00176713-1.73472348e-18j\n",
            "  0.00426231-3.46944695e-18j 0.00177594+0.00000000e+00j\n",
            "  0.00176146+0.00000000e+00j 0.00200935+3.46944695e-18j]\n",
            " [0.00193173+0.00000000e+00j 0.00187187+0.00000000e+00j\n",
            "  0.00190316-1.73472348e-18j 0.00173526+1.73472348e-18j\n",
            "  0.00173212+0.00000000e+00j 0.00179109+0.00000000e+00j\n",
            "  0.00183565-1.73472348e-18j 0.0017312 +0.00000000e+00j\n",
            "  1.00172992+0.00000000e+00j 0.00176582-1.73472348e-18j\n",
            "  0.00425916-3.46944695e-18j 0.00177463-1.73472348e-18j\n",
            "  0.00176015-1.73472348e-18j 0.00200787+5.20417043e-18j]\n",
            " [0.00197181+0.00000000e+00j 0.00191071+1.73472348e-18j\n",
            "  0.00194265+1.73472348e-18j 0.00177127+1.73472348e-18j\n",
            "  0.00176806+0.00000000e+00j 0.00182826+1.73472348e-18j\n",
            "  0.00187374-1.73472348e-18j 0.00176713+1.73472348e-18j\n",
            "  0.00176582+1.73472348e-18j 1.00180246+0.00000000e+00j\n",
            "  0.00434754+0.00000000e+00j 0.00181145+3.46944695e-18j\n",
            "  0.00179668+1.73472348e-18j 0.00204953-1.73472348e-18j]\n",
            " [0.00475602+0.00000000e+00j 0.00460863+0.00000000e+00j\n",
            "  0.00468567+6.93889390e-18j 0.00427231+3.46944695e-18j\n",
            "  0.00426456+3.46944695e-18j 0.00440977+6.93889390e-18j\n",
            "  0.00451947+3.46944695e-18j 0.00426231+3.46944695e-18j\n",
            "  0.00425916+3.46944695e-18j 0.00434754+0.00000000e+00j\n",
            "  1.01048626+0.00000000e+00j 0.00436922+0.00000000e+00j\n",
            "  0.00433359+3.46944695e-18j 0.00494347+3.46944695e-18j]\n",
            " [0.00198165+0.00000000e+00j 0.00192024-3.46944695e-18j\n",
            "  0.00195234+1.73472348e-18j 0.00178011-1.73472348e-18j\n",
            "  0.00177688-1.73472348e-18j 0.00183738+1.73472348e-18j\n",
            "  0.00188309+0.00000000e+00j 0.00177594+0.00000000e+00j\n",
            "  0.00177463+1.73472348e-18j 0.00181145-3.46944695e-18j\n",
            "  0.00436922+0.00000000e+00j 1.00182048+0.00000000e+00j\n",
            "  0.00180564-1.73472348e-18j 0.00205975+1.73472348e-18j]\n",
            " [0.00196549-1.73472348e-18j 0.00190458-1.73472348e-18j\n",
            "  0.00193642-3.46944695e-18j 0.00176559-3.46944695e-18j\n",
            "  0.00176239+3.46944695e-18j 0.0018224 +1.73472348e-18j\n",
            "  0.00186773+0.00000000e+00j 0.00176146+0.00000000e+00j\n",
            "  0.00176015+1.73472348e-18j 0.00179668-1.73472348e-18j\n",
            "  0.00433359-3.46944695e-18j 0.00180564+1.73472348e-18j\n",
            "  1.00179091+0.00000000e+00j 0.00204296+1.73472348e-18j]\n",
            " [0.0022421 -3.46944695e-18j 0.00217262-5.20417043e-18j\n",
            "  0.00220893+0.00000000e+00j 0.00201407-3.46944695e-18j\n",
            "  0.00201041+0.00000000e+00j 0.00207887+0.00000000e+00j\n",
            "  0.00213058+1.73472348e-18j 0.00200935-3.46944695e-18j\n",
            "  0.00200787-5.20417043e-18j 0.00204953+1.73472348e-18j\n",
            "  0.00494347-3.46944695e-18j 0.00205975-1.73472348e-18j\n",
            "  0.00204296-1.73472348e-18j 1.00233047+0.00000000e+00j]]\n"
          ]
        }
      ],
      "source": [
        "S = S_disc_Bragg(350, np.array([square_lattice.q/2-1, square_lattice.q/2-1]), sigma_func_period_numba, square_lattice)\n",
        "\n",
        "print(np.linalg.eigvals(S))\n",
        "print(S.H @ S)"
      ]
    },
    {
      "cell_type": "code",
      "execution_count": 38,
      "id": "6e9c88af",
      "metadata": {},
      "outputs": [
        {
          "ename": "KeyboardInterrupt",
          "evalue": "",
          "output_type": "error",
          "traceback": [
            "\u001b[31m---------------------------------------------------------------------------\u001b[39m",
            "\u001b[31mKeyboardInterrupt\u001b[39m                         Traceback (most recent call last)",
            "\u001b[36mCell\u001b[39m\u001b[36m \u001b[39m\u001b[32mIn[38]\u001b[39m\u001b[32m, line 40\u001b[39m\n\u001b[32m     36\u001b[39m \n\u001b[32m     37\u001b[39m \u001b[38;5;66;03m# Compute eigenvalues over (E, kx, ky)\u001b[39;00m\n\u001b[32m     38\u001b[39m all_blocks = []\n\u001b[32m     39\u001b[39m \u001b[38;5;28;01mfor\u001b[39;00m E \u001b[38;5;28;01min\u001b[39;00m E_values:\n\u001b[32m---> \u001b[39m\u001b[32m40\u001b[39m     eig_blocks = Parallel(n_jobs=n_jobs, backend=\"loky\", verbose=0)(\n\u001b[32m     41\u001b[39m         delayed(_eigvals_block)(E, k_block) \u001b[38;5;28;01mfor\u001b[39;00m k_block \u001b[38;5;28;01min\u001b[39;00m k_blocks\n\u001b[32m     42\u001b[39m     )\n\u001b[32m     43\u001b[39m     eig_blocks = [vals \u001b[38;5;28;01mfor\u001b[39;00m vals \u001b[38;5;28;01min\u001b[39;00m eig_blocks \u001b[38;5;28;01mif\u001b[39;00m vals.size > \u001b[32m0\u001b[39m]\n",
            "\u001b[36mFile \u001b[39m\u001b[32m~/research_project/2D_array/.venv/lib/python3.14/site-packages/joblib/parallel.py:2072\u001b[39m, in \u001b[36mParallel.__call__\u001b[39m\u001b[34m(self, iterable)\u001b[39m\n\u001b[32m   2066\u001b[39m \u001b[38;5;66;03m# The first item from the output is blank, but it makes the interpreter\u001b[39;00m\n\u001b[32m   2067\u001b[39m \u001b[38;5;66;03m# progress until it enters the Try/Except block of the generator and\u001b[39;00m\n\u001b[32m   2068\u001b[39m \u001b[38;5;66;03m# reaches the first `yield` statement. This starts the asynchronous\u001b[39;00m\n\u001b[32m   2069\u001b[39m \u001b[38;5;66;03m# dispatch of the tasks to the workers.\u001b[39;00m\n\u001b[32m   2070\u001b[39m \u001b[38;5;28mnext\u001b[39m(output)\n\u001b[32m-> \u001b[39m\u001b[32m2072\u001b[39m \u001b[38;5;28;01mreturn\u001b[39;00m output \u001b[38;5;28;01mif\u001b[39;00m \u001b[38;5;28mself\u001b[39m.return_generator \u001b[38;5;28;01melse\u001b[39;00m \u001b[38;5;28;43mlist\u001b[39;49m\u001b[43m(\u001b[49m\u001b[43moutput\u001b[49m\u001b[43m)\u001b[49m\n",
            "\u001b[36mFile \u001b[39m\u001b[32m~/research_project/2D_array/.venv/lib/python3.14/site-packages/joblib/parallel.py:1682\u001b[39m, in \u001b[36mParallel._get_outputs\u001b[39m\u001b[34m(self, iterator, pre_dispatch)\u001b[39m\n\u001b[32m   1679\u001b[39m     \u001b[38;5;28;01myield\u001b[39;00m\n\u001b[32m   1681\u001b[39m     \u001b[38;5;28;01mwith\u001b[39;00m \u001b[38;5;28mself\u001b[39m._backend.retrieval_context():\n\u001b[32m-> \u001b[39m\u001b[32m1682\u001b[39m         \u001b[38;5;28;01myield from\u001b[39;00m \u001b[38;5;28mself\u001b[39m._retrieve()\n\u001b[32m   1684\u001b[39m \u001b[38;5;28;01mexcept\u001b[39;00m \u001b[38;5;167;01mGeneratorExit\u001b[39;00m:\n\u001b[32m   1685\u001b[39m     \u001b[38;5;66;03m# The generator has been garbage collected before being fully\u001b[39;00m\n\u001b[32m   1686\u001b[39m     \u001b[38;5;66;03m# consumed. This aborts the remaining tasks if possible and warn\u001b[39;00m\n\u001b[32m   1687\u001b[39m     \u001b[38;5;66;03m# the user if necessary.\u001b[39;00m\n\u001b[32m   1688\u001b[39m     \u001b[38;5;28mself\u001b[39m._exception = \u001b[38;5;28;01mTrue\u001b[39;00m\n",
            "\u001b[36mFile \u001b[39m\u001b[32m~/research_project/2D_array/.venv/lib/python3.14/site-packages/joblib/parallel.py:1800\u001b[39m, in \u001b[36mParallel._retrieve\u001b[39m\u001b[34m(self)\u001b[39m\n\u001b[32m   1789\u001b[39m \u001b[38;5;28;01mif\u001b[39;00m \u001b[38;5;28mself\u001b[39m.return_ordered:\n\u001b[32m   1790\u001b[39m     \u001b[38;5;66;03m# Case ordered: wait for completion (or error) of the next job\u001b[39;00m\n\u001b[32m   1791\u001b[39m     \u001b[38;5;66;03m# that have been dispatched and not retrieved yet. If no job\u001b[39;00m\n\u001b[32m   (...)\u001b[39m\u001b[32m   1795\u001b[39m     \u001b[38;5;66;03m# control only have to be done on the amount of time the next\u001b[39;00m\n\u001b[32m   1796\u001b[39m     \u001b[38;5;66;03m# dispatched job is pending.\u001b[39;00m\n\u001b[32m   1797\u001b[39m     \u001b[38;5;28;01mif\u001b[39;00m (nb_jobs == \u001b[32m0\u001b[39m) \u001b[38;5;129;01mor\u001b[39;00m (\n\u001b[32m   1798\u001b[39m         \u001b[38;5;28mself\u001b[39m._jobs[\u001b[32m0\u001b[39m].get_status(timeout=\u001b[38;5;28mself\u001b[39m.timeout) == TASK_PENDING\n\u001b[32m   1799\u001b[39m     ):\n\u001b[32m-> \u001b[39m\u001b[32m1800\u001b[39m         \u001b[43mtime\u001b[49m\u001b[43m.\u001b[49m\u001b[43msleep\u001b[49m\u001b[43m(\u001b[49m\u001b[32;43m0.01\u001b[39;49m\u001b[43m)\u001b[49m\n\u001b[32m   1801\u001b[39m         \u001b[38;5;28;01mcontinue\u001b[39;00m\n\u001b[32m   1803\u001b[39m \u001b[38;5;28;01melif\u001b[39;00m nb_jobs == \u001b[32m0\u001b[39m:\n\u001b[32m   1804\u001b[39m     \u001b[38;5;66;03m# Case unordered: jobs are added to the list of jobs to\u001b[39;00m\n\u001b[32m   1805\u001b[39m     \u001b[38;5;66;03m# retrieve `self._jobs` only once completed or in error, which\u001b[39;00m\n\u001b[32m   (...)\u001b[39m\u001b[32m   1811\u001b[39m     \u001b[38;5;66;03m# timeouts before any other dispatched job has completed and\u001b[39;00m\n\u001b[32m   1812\u001b[39m     \u001b[38;5;66;03m# been added to `self._jobs` to be retrieved.\u001b[39;00m\n",
            "\u001b[31mKeyboardInterrupt\u001b[39m: "
          ]
        }
      ],
      "source": [
        "import os\n",
        "\n",
        "import matplotlib.pyplot as plt\n",
        "from joblib import Parallel, delayed\n",
        "\n",
        "# ----- Sampling setup (similar to plot_disp.ipynb) -----\n",
        "n_k = 1000  # number of k samples along each axis in 1st BZ\n",
        "n_energy_points = 50\n",
        "n_jobs = 6\n",
        "\n",
        "k_axis = np.linspace(-square_lattice.q / 2, square_lattice.q / 2, n_k)\n",
        "E_values = np.linspace(square_lattice.omega_e-50, square_lattice.omega_e+50, n_energy_points)  # adjust as needed\n",
        "\n",
        "kx, ky = np.meshgrid(k_axis, k_axis, indexing=\"ij\")\n",
        "k_points = np.column_stack((kx.ravel(), ky.ravel()))\n",
        "\n",
        "\n",
        "k_blocks = np.array_split(k_points, max(1, n_jobs * 4))\n",
        "\n",
        "\n",
        "def _eigvals_block(E: float, k_block: np.ndarray) -> np.ndarray:\n",
        "    eigvals_list = []\n",
        "    for k_para in k_block:\n",
        "        try:\n",
        "            S = S_disc_Bragg(float(E), k_para, sigma_func_period_numba,square_lattice)\n",
        "            if S.size > 0:\n",
        "                eigvals_list.append(np.linalg.eigvals(S))\n",
        "        except Exception:\n",
        "            # Skip points/energies that fail (e.g., no open channels)\n",
        "            continue\n",
        "\n",
        "    if eigvals_list:\n",
        "        return np.concatenate(eigvals_list)\n",
        "    return np.array([], dtype=np.complex128)\n",
        "\n",
        "\n",
        "# Compute eigenvalues over (E, kx, ky)\n",
        "all_blocks = []\n",
        "for E in E_values:\n",
        "    eig_blocks = Parallel(n_jobs=n_jobs, backend=\"loky\", verbose=0)(\n",
        "        delayed(_eigvals_block)(E, k_block) for k_block in k_blocks\n",
        "    )\n",
        "    eig_blocks = [vals for vals in eig_blocks if vals.size > 0]\n",
        "    if eig_blocks:\n",
        "        all_blocks.append(np.concatenate(eig_blocks))\n",
        "\n",
        "all_eigvals = (\n",
        "    np.concatenate(all_blocks) if all_blocks else np.array([], dtype=np.complex128)\n",
        ")\n",
        "\n",
        "# ----- Plot on complex plane with unit circle -----\n",
        "theta = np.linspace(0, 2 * np.pi, 800)\n",
        "unit_circle = np.exp(1j * theta)\n",
        "\n",
        "fig, ax = plt.subplots(figsize=(7, 7))\n",
        "ax.plot(unit_circle.real, unit_circle.imag, \"k--\", lw=1.5, label=\"|z| = 1\")\n",
        "\n",
        "if all_eigvals.size > 0:\n",
        "    ax.scatter(\n",
        "        all_eigvals.real,\n",
        "        all_eigvals.imag,\n",
        "        s=8,\n",
        "        c=\"tab:blue\",\n",
        "        alpha=0.35,\n",
        "        edgecolors=\"none\",\n",
        "        label=f\"eigenvalues ({all_eigvals.size})\",\n",
        "    )\n",
        "\n",
        "ax.axhline(0.0, color=\"gray\", lw=0.8)\n",
        "ax.axvline(0.0, color=\"gray\", lw=0.8)\n",
        "ax.set_aspect(\"equal\", adjustable=\"box\")\n",
        "ax.set_xlabel(\"Re\")\n",
        "ax.set_ylabel(\"Im\")\n",
        "ax.set_title(\"Eigenvalues over 1st BZ and multiple energies\")\n",
        "ax.legend()\n",
        "ax.grid(True, alpha=0.3)\n",
        "plt.show()"
      ]
    }
  ],
  "metadata": {
    "kernelspec": {
      "display_name": ".venv",
      "language": "python",
      "name": "python3"
    },
    "language_info": {
      "codemirror_mode": {
        "name": "ipython",
        "version": 3
      },
      "file_extension": ".py",
      "mimetype": "text/x-python",
      "name": "python",
      "nbconvert_exporter": "python",
      "pygments_lexer": "ipython3",
      "version": "3.14.3"
    }
  },
  "nbformat": 4,
  "nbformat_minor": 5
}
